a=-0.02;
b=1.351*10~(-3);
